2021 12 10 -2 1024.8 100 West
2021 12 20 -7 1034.3 90 West
2021 11 21 11 987.3 80 SouthWest
2021 11 22 5.9 982.6 87 West
2021 11 23 5.8 994.6 86 West
2021 11 24 5.6 1002.8 85 West
2021 10 10 5.5 1012.8 50 South
2021 10 20 2 1003.3 72 East
2021 9 10 17.5 972.8 40 North
2021 9 20 12 983.3 54 NorthWest
2021 8 10 20.5 1013.8 70 East
2021 8 20 18 1005.3 65 SouthEast
2021 7 10 32.8 972.8 63 SouthEast
2021 7 20 25 1010.3 35 SouthEast
2021 6 10 17.3 1003.8 30 East
2021 6 20 23 998.3 21 South
2021 5 10 15.8 994.8 40 West
2021 5 20 20 987.3 42 SouthEast
2021 4 10 12.8 988.2 72 East
2021 4 20 15 1014.3 68 West
2021 3 10 5 1021.8 57 East
2021 3 20 8.4 1034.3 68 North
2021 2 10 -7.2 1012.8 83 West
2021 2 20 -3.2 1053.3 98 North
2021 1 10 -8.8 1014.8 63 East
2021 1 20 -3 1001.3 60 South
2021 1 1 10 1013 60 NorthEast
